
wall 5 -3 -5 -3
wall -5 -3 -5  5
wall -5  5  5  5
wall 5  5  5 -3
wall -3.62         3.5          -3         3.5
wall -1           2          -1        0.67
wall 3 -1  3 -2
wall 2  0  0  0
wall 0.5         3.5         0.5         2.7
wall 1.12        1.71           3        1.71
wall 3         0.5           3         3.5
wall 2  0  2 -1
wall 2 -1  4 -1
wall 2 -2  0 -2
wall 1 -2  1 -1
wall -1 -2 -1 -1
wall -1 -1  0 -1
wall -1  2 -3  2
wall -3  1 -4  1
wall -4  1 -4 -2
wall -4 -1 -3 -1
wall -2 -3 -2  0
wall -2 -2 -3 -2
wall -3.62           5       -3.62         3.5
wall -2         3.5          -1         3.5
wall 0         3.5           1         3.5
wall 2         3.5           3         3.5
wall 0 -1  0  0
line -2  0 -2  2
line -3         3.5          -2         3.5
line -1         3.5           0         3.5
line -3  2 -5  2
line 3  3  5  3
line 3         0.5           5         0.5
line 1         3.5           2         3.5
beacon -4         4.1 [0.0 0.0 1.0] 1
beacon -2.3         4.1 [0.0 0.0 1.0] 2
beacon 4  4 [0.0 0.0 1.0] 3
beacon 4        -0.2 [0.0 0.0 1.0] 5
beacon 3.9        -2.5 [0.0 0.0 1.0] 6
beacon -1.5        -2.5 [0.0 0.0 1.0] 7
beacon 0.5        -1.5 [0.0 0.0 1.0] 8
beacon 1.5        -1.5 [0.0 0.0 1.0] 9
beacon 2.5         2.5 [0.0 0.0 1.0] 10
beacon -0.4         2.6 [0.0 0.0 1.0] 11
beacon 2.5           1 [0.0 0.0 1.0] 12
beacon -4.4        -0.4 [0.0 0.0 1.0] 13
beacon -3.6        -0.4 [0.0 0.0 1.0] 14
beacon -3.5        -2.5 [0.0 0.0 1.0] 15
beacon -2.5         1.5 [0.0 0.0 1.0] 16
line -4.681 -2.390 -4.681 -2.630
line -4.681 -2.630 -4.474 -2.630
line -4.474 -2.630 -4.474 -2.390
line -4.474 -2.390 -4.681 -2.390
line -3.491 -0.230 -3.491 -0.410
line -3.491 -0.410 -3.319 -0.410
line -3.319 -0.410 -3.319 -0.230
line -3.319 -0.230 -3.491 -0.230
line 1.371 1.090 1.371 0.870
line 1.371 0.870 1.578 0.870
line 1.578 0.870 1.578 1.090
line 1.578 1.090 1.371 1.090
line -1.698 4.110 -1.353 3.930
line 3.664 2.050 3.922 1.710
line 1.371 -0.390 1.267 -0.610
line -1.543 1.610 -1.353 1.330
